{
 "cells": [
  {
   "cell_type": "code",
   "execution_count": 780,
   "metadata": {},
   "outputs": [],
   "source": [
    "import pandas as pd\n",
    "import seaborn as sns\n",
    "import matplotlib.pyplot as plt\n",
    "import statsmodels.formula.api as smf\n",
    "import statsmodels.api as sm\n",
    "from scipy import stats\n",
    "\n",
    "import numpy as np"
   ]
  },
  {
   "cell_type": "code",
   "execution_count": 781,
   "metadata": {},
   "outputs": [
    {
     "name": "stdout",
     "output_type": "stream",
     "text": [
      "        ID                  Name   Age  100s  50s     6s  Balls  Balls Faced  \\\n",
      "0        0       Terrence Duffin  36.0   136  3.0    0.0      5          994   \n",
      "1        1    Keith W R Fletcher  74.0    23  5.0    6.0    240         1134   \n",
      "2        2  Muttiah Muralitharan  46.0   140  0.0   12.0  18994          869   \n",
      "3        3           Wasim Akram  52.0   115  6.0  121.0  18343         4210   \n",
      "4        4          Waqar Younis  47.0    25  0.0   21.0  12816         1445   \n",
      "...    ...                   ...   ...   ...  ...    ...    ...          ...   \n",
      "1742  1742           Karim Janat  20.0    32  0.0    0.0    254           33   \n",
      "1743  1743        Nosaina Pokana  22.0   118  0.0    0.0     63           37   \n",
      "1744  1744     Lalchand S Rajput  57.0    44  0.0    0.0    130           31   \n",
      "1745  1745            Rashid Zia  44.0    75  0.0    0.0     25           57   \n",
      "1746  1746            Asif Iqbal  35.0   133  0.0    0.0     32            8   \n",
      "\n",
      "      Bat_Average  Bowl_Strike_rate  Economy_Rate  Innings  Maidens  Overs  \\\n",
      "0           23.74         48.979948       5.26476    319.0   1585.0      1   \n",
      "1           39.84         48.979948       5.26476     31.0     70.0    424   \n",
      "2            6.81         35.230000       3.93000    343.0    996.0   3071   \n",
      "3           16.52         36.230000       3.90000    113.0    251.0   3280   \n",
      "4           10.31         30.520000       4.69000    149.0    476.0   1815   \n",
      "...           ...               ...           ...      ...      ...    ...   \n",
      "1742         9.00         48.979948       7.75000    302.0      8.0     94   \n",
      "1743         2.25         48.979948       6.74000      1.0   1596.0     26   \n",
      "1744         3.00          0.000000       0.00000      0.0      0.0     90   \n",
      "1745         4.50         48.979948       7.02000    386.0    738.0    392   \n",
      "1746         8.00         48.979948       8.00000    418.0    396.0     62   \n",
      "\n",
      "      Runs  Wickets  Ratings  \n",
      "0      693     77.0      126  \n",
      "1      792    165.0      194  \n",
      "2      751    496.0      697  \n",
      "3     3593    406.0      790  \n",
      "4      907    252.0      564  \n",
      "...    ...      ...      ...  \n",
      "1742   249    104.0       34  \n",
      "1743    85    102.0       13  \n",
      "1744    92    263.0       22  \n",
      "1745   229    125.0        5  \n",
      "1746   145    143.0      147  \n",
      "\n",
      "[1747 rows x 17 columns]\n"
     ]
    }
   ],
   "source": [
    "data = pd.read_csv (r'C:\\Users\\ishay\\Downloads\\Cricket_player_rating.csv')   \n",
    "df = pd.DataFrame(data)\n",
    "print (df)\n"
   ]
  },
  {
   "cell_type": "code",
   "execution_count": 782,
   "metadata": {},
   "outputs": [
    {
     "data": {
      "text/html": [
       "<div>\n",
       "<style scoped>\n",
       "    .dataframe tbody tr th:only-of-type {\n",
       "        vertical-align: middle;\n",
       "    }\n",
       "\n",
       "    .dataframe tbody tr th {\n",
       "        vertical-align: top;\n",
       "    }\n",
       "\n",
       "    .dataframe thead th {\n",
       "        text-align: right;\n",
       "    }\n",
       "</style>\n",
       "<table border=\"1\" class=\"dataframe\">\n",
       "  <thead>\n",
       "    <tr style=\"text-align: right;\">\n",
       "      <th></th>\n",
       "      <th>ID</th>\n",
       "      <th>Name</th>\n",
       "      <th>Age</th>\n",
       "      <th>100s</th>\n",
       "      <th>50s</th>\n",
       "      <th>6s</th>\n",
       "      <th>Balls</th>\n",
       "      <th>Balls Faced</th>\n",
       "      <th>Bat_Average</th>\n",
       "      <th>Bowl_Strike_rate</th>\n",
       "      <th>Economy_Rate</th>\n",
       "      <th>Innings</th>\n",
       "      <th>Maidens</th>\n",
       "      <th>Overs</th>\n",
       "      <th>Runs</th>\n",
       "      <th>Wickets</th>\n",
       "      <th>Ratings</th>\n",
       "    </tr>\n",
       "  </thead>\n",
       "  <tbody>\n",
       "    <tr>\n",
       "      <th>0</th>\n",
       "      <td>0</td>\n",
       "      <td>Terrence Duffin</td>\n",
       "      <td>36.0</td>\n",
       "      <td>136</td>\n",
       "      <td>3.0</td>\n",
       "      <td>0.0</td>\n",
       "      <td>5</td>\n",
       "      <td>994</td>\n",
       "      <td>23.74</td>\n",
       "      <td>48.979948</td>\n",
       "      <td>5.26476</td>\n",
       "      <td>319.0</td>\n",
       "      <td>1585.0</td>\n",
       "      <td>1</td>\n",
       "      <td>693</td>\n",
       "      <td>77.0</td>\n",
       "      <td>126</td>\n",
       "    </tr>\n",
       "    <tr>\n",
       "      <th>1</th>\n",
       "      <td>1</td>\n",
       "      <td>Keith W R Fletcher</td>\n",
       "      <td>74.0</td>\n",
       "      <td>23</td>\n",
       "      <td>5.0</td>\n",
       "      <td>6.0</td>\n",
       "      <td>240</td>\n",
       "      <td>1134</td>\n",
       "      <td>39.84</td>\n",
       "      <td>48.979948</td>\n",
       "      <td>5.26476</td>\n",
       "      <td>31.0</td>\n",
       "      <td>70.0</td>\n",
       "      <td>424</td>\n",
       "      <td>792</td>\n",
       "      <td>165.0</td>\n",
       "      <td>194</td>\n",
       "    </tr>\n",
       "    <tr>\n",
       "      <th>2</th>\n",
       "      <td>2</td>\n",
       "      <td>Muttiah Muralitharan</td>\n",
       "      <td>46.0</td>\n",
       "      <td>140</td>\n",
       "      <td>0.0</td>\n",
       "      <td>12.0</td>\n",
       "      <td>18994</td>\n",
       "      <td>869</td>\n",
       "      <td>6.81</td>\n",
       "      <td>35.230000</td>\n",
       "      <td>3.93000</td>\n",
       "      <td>343.0</td>\n",
       "      <td>996.0</td>\n",
       "      <td>3071</td>\n",
       "      <td>751</td>\n",
       "      <td>496.0</td>\n",
       "      <td>697</td>\n",
       "    </tr>\n",
       "    <tr>\n",
       "      <th>3</th>\n",
       "      <td>3</td>\n",
       "      <td>Wasim Akram</td>\n",
       "      <td>52.0</td>\n",
       "      <td>115</td>\n",
       "      <td>6.0</td>\n",
       "      <td>121.0</td>\n",
       "      <td>18343</td>\n",
       "      <td>4210</td>\n",
       "      <td>16.52</td>\n",
       "      <td>36.230000</td>\n",
       "      <td>3.90000</td>\n",
       "      <td>113.0</td>\n",
       "      <td>251.0</td>\n",
       "      <td>3280</td>\n",
       "      <td>3593</td>\n",
       "      <td>406.0</td>\n",
       "      <td>790</td>\n",
       "    </tr>\n",
       "    <tr>\n",
       "      <th>4</th>\n",
       "      <td>4</td>\n",
       "      <td>Waqar Younis</td>\n",
       "      <td>47.0</td>\n",
       "      <td>25</td>\n",
       "      <td>0.0</td>\n",
       "      <td>21.0</td>\n",
       "      <td>12816</td>\n",
       "      <td>1445</td>\n",
       "      <td>10.31</td>\n",
       "      <td>30.520000</td>\n",
       "      <td>4.69000</td>\n",
       "      <td>149.0</td>\n",
       "      <td>476.0</td>\n",
       "      <td>1815</td>\n",
       "      <td>907</td>\n",
       "      <td>252.0</td>\n",
       "      <td>564</td>\n",
       "    </tr>\n",
       "  </tbody>\n",
       "</table>\n",
       "</div>"
      ],
      "text/plain": [
       "   ID                  Name   Age  100s  50s     6s  Balls  Balls Faced  \\\n",
       "0   0       Terrence Duffin  36.0   136  3.0    0.0      5          994   \n",
       "1   1    Keith W R Fletcher  74.0    23  5.0    6.0    240         1134   \n",
       "2   2  Muttiah Muralitharan  46.0   140  0.0   12.0  18994          869   \n",
       "3   3           Wasim Akram  52.0   115  6.0  121.0  18343         4210   \n",
       "4   4          Waqar Younis  47.0    25  0.0   21.0  12816         1445   \n",
       "\n",
       "   Bat_Average  Bowl_Strike_rate  Economy_Rate  Innings  Maidens  Overs  Runs  \\\n",
       "0        23.74         48.979948       5.26476    319.0   1585.0      1   693   \n",
       "1        39.84         48.979948       5.26476     31.0     70.0    424   792   \n",
       "2         6.81         35.230000       3.93000    343.0    996.0   3071   751   \n",
       "3        16.52         36.230000       3.90000    113.0    251.0   3280  3593   \n",
       "4        10.31         30.520000       4.69000    149.0    476.0   1815   907   \n",
       "\n",
       "   Wickets  Ratings  \n",
       "0     77.0      126  \n",
       "1    165.0      194  \n",
       "2    496.0      697  \n",
       "3    406.0      790  \n",
       "4    252.0      564  "
      ]
     },
     "execution_count": 782,
     "metadata": {},
     "output_type": "execute_result"
    }
   ],
   "source": [
    "df.head()"
   ]
  },
  {
   "cell_type": "markdown",
   "metadata": {},
   "source": [
    "## Correlation statistics"
   ]
  },
  {
   "cell_type": "code",
   "execution_count": 783,
   "metadata": {},
   "outputs": [],
   "source": [
    "correlation = df.corr()"
   ]
  },
  {
   "cell_type": "markdown",
   "metadata": {},
   "source": [
    "### Correlation of all variables"
   ]
  },
  {
   "cell_type": "code",
   "execution_count": 784,
   "metadata": {},
   "outputs": [
    {
     "data": {
      "text/html": [
       "<div>\n",
       "<style scoped>\n",
       "    .dataframe tbody tr th:only-of-type {\n",
       "        vertical-align: middle;\n",
       "    }\n",
       "\n",
       "    .dataframe tbody tr th {\n",
       "        vertical-align: top;\n",
       "    }\n",
       "\n",
       "    .dataframe thead th {\n",
       "        text-align: right;\n",
       "    }\n",
       "</style>\n",
       "<table border=\"1\" class=\"dataframe\">\n",
       "  <thead>\n",
       "    <tr style=\"text-align: right;\">\n",
       "      <th></th>\n",
       "      <th>ID</th>\n",
       "      <th>Age</th>\n",
       "      <th>100s</th>\n",
       "      <th>50s</th>\n",
       "      <th>6s</th>\n",
       "      <th>Balls</th>\n",
       "      <th>Balls Faced</th>\n",
       "      <th>Bat_Average</th>\n",
       "      <th>Bowl_Strike_rate</th>\n",
       "      <th>Economy_Rate</th>\n",
       "      <th>Innings</th>\n",
       "      <th>Maidens</th>\n",
       "      <th>Overs</th>\n",
       "      <th>Runs</th>\n",
       "      <th>Wickets</th>\n",
       "      <th>Ratings</th>\n",
       "    </tr>\n",
       "  </thead>\n",
       "  <tbody>\n",
       "    <tr>\n",
       "      <th>ID</th>\n",
       "      <td>1.000000</td>\n",
       "      <td>0.031279</td>\n",
       "      <td>0.013368</td>\n",
       "      <td>-0.055357</td>\n",
       "      <td>-0.200170</td>\n",
       "      <td>-0.663949</td>\n",
       "      <td>-0.091038</td>\n",
       "      <td>0.082266</td>\n",
       "      <td>0.257942</td>\n",
       "      <td>0.294056</td>\n",
       "      <td>0.032152</td>\n",
       "      <td>0.008050</td>\n",
       "      <td>-0.520084</td>\n",
       "      <td>-0.093525</td>\n",
       "      <td>-0.064188</td>\n",
       "      <td>-0.459838</td>\n",
       "    </tr>\n",
       "    <tr>\n",
       "      <th>Age</th>\n",
       "      <td>0.031279</td>\n",
       "      <td>1.000000</td>\n",
       "      <td>-0.009230</td>\n",
       "      <td>0.038421</td>\n",
       "      <td>-0.047625</td>\n",
       "      <td>0.025115</td>\n",
       "      <td>0.058514</td>\n",
       "      <td>0.002509</td>\n",
       "      <td>0.078520</td>\n",
       "      <td>-0.169190</td>\n",
       "      <td>-0.015047</td>\n",
       "      <td>-0.034293</td>\n",
       "      <td>0.041034</td>\n",
       "      <td>0.038787</td>\n",
       "      <td>-0.000930</td>\n",
       "      <td>-0.045945</td>\n",
       "    </tr>\n",
       "    <tr>\n",
       "      <th>100s</th>\n",
       "      <td>0.013368</td>\n",
       "      <td>-0.009230</td>\n",
       "      <td>1.000000</td>\n",
       "      <td>0.071112</td>\n",
       "      <td>0.046479</td>\n",
       "      <td>-0.006761</td>\n",
       "      <td>0.072595</td>\n",
       "      <td>0.084305</td>\n",
       "      <td>0.014359</td>\n",
       "      <td>0.028303</td>\n",
       "      <td>0.003121</td>\n",
       "      <td>-0.013867</td>\n",
       "      <td>-0.008164</td>\n",
       "      <td>0.071673</td>\n",
       "      <td>0.020589</td>\n",
       "      <td>0.051339</td>\n",
       "    </tr>\n",
       "    <tr>\n",
       "      <th>50s</th>\n",
       "      <td>-0.055357</td>\n",
       "      <td>0.038421</td>\n",
       "      <td>0.071112</td>\n",
       "      <td>1.000000</td>\n",
       "      <td>0.770988</td>\n",
       "      <td>0.183885</td>\n",
       "      <td>0.974160</td>\n",
       "      <td>0.564990</td>\n",
       "      <td>-0.041313</td>\n",
       "      <td>0.064428</td>\n",
       "      <td>0.025564</td>\n",
       "      <td>0.008353</td>\n",
       "      <td>0.171196</td>\n",
       "      <td>0.965957</td>\n",
       "      <td>0.001937</td>\n",
       "      <td>0.637904</td>\n",
       "    </tr>\n",
       "    <tr>\n",
       "      <th>6s</th>\n",
       "      <td>-0.200170</td>\n",
       "      <td>-0.047625</td>\n",
       "      <td>0.046479</td>\n",
       "      <td>0.770988</td>\n",
       "      <td>1.000000</td>\n",
       "      <td>0.386135</td>\n",
       "      <td>0.759470</td>\n",
       "      <td>0.451880</td>\n",
       "      <td>-0.033809</td>\n",
       "      <td>0.020297</td>\n",
       "      <td>0.017869</td>\n",
       "      <td>0.024029</td>\n",
       "      <td>0.357850</td>\n",
       "      <td>0.812539</td>\n",
       "      <td>0.032508</td>\n",
       "      <td>0.686031</td>\n",
       "    </tr>\n",
       "    <tr>\n",
       "      <th>Balls</th>\n",
       "      <td>-0.663949</td>\n",
       "      <td>0.025115</td>\n",
       "      <td>-0.006761</td>\n",
       "      <td>0.183885</td>\n",
       "      <td>0.386135</td>\n",
       "      <td>1.000000</td>\n",
       "      <td>0.243668</td>\n",
       "      <td>0.018145</td>\n",
       "      <td>-0.115411</td>\n",
       "      <td>-0.163495</td>\n",
       "      <td>-0.025910</td>\n",
       "      <td>-0.006555</td>\n",
       "      <td>0.865156</td>\n",
       "      <td>0.256078</td>\n",
       "      <td>0.102834</td>\n",
       "      <td>0.655175</td>\n",
       "    </tr>\n",
       "    <tr>\n",
       "      <th>Balls Faced</th>\n",
       "      <td>-0.091038</td>\n",
       "      <td>0.058514</td>\n",
       "      <td>0.072595</td>\n",
       "      <td>0.974160</td>\n",
       "      <td>0.759470</td>\n",
       "      <td>0.243668</td>\n",
       "      <td>1.000000</td>\n",
       "      <td>0.573402</td>\n",
       "      <td>-0.042450</td>\n",
       "      <td>0.063417</td>\n",
       "      <td>0.028560</td>\n",
       "      <td>0.010713</td>\n",
       "      <td>0.229115</td>\n",
       "      <td>0.976365</td>\n",
       "      <td>0.007699</td>\n",
       "      <td>0.667106</td>\n",
       "    </tr>\n",
       "    <tr>\n",
       "      <th>Bat_Average</th>\n",
       "      <td>0.082266</td>\n",
       "      <td>0.002509</td>\n",
       "      <td>0.084305</td>\n",
       "      <td>0.564990</td>\n",
       "      <td>0.451880</td>\n",
       "      <td>0.018145</td>\n",
       "      <td>0.573402</td>\n",
       "      <td>1.000000</td>\n",
       "      <td>0.032879</td>\n",
       "      <td>0.162818</td>\n",
       "      <td>0.053338</td>\n",
       "      <td>0.026683</td>\n",
       "      <td>0.042384</td>\n",
       "      <td>0.552590</td>\n",
       "      <td>-0.026657</td>\n",
       "      <td>0.586431</td>\n",
       "    </tr>\n",
       "    <tr>\n",
       "      <th>Bowl_Strike_rate</th>\n",
       "      <td>0.257942</td>\n",
       "      <td>0.078520</td>\n",
       "      <td>0.014359</td>\n",
       "      <td>-0.041313</td>\n",
       "      <td>-0.033809</td>\n",
       "      <td>-0.115411</td>\n",
       "      <td>-0.042450</td>\n",
       "      <td>0.032879</td>\n",
       "      <td>1.000000</td>\n",
       "      <td>0.035870</td>\n",
       "      <td>0.002319</td>\n",
       "      <td>0.047219</td>\n",
       "      <td>-0.087482</td>\n",
       "      <td>-0.033838</td>\n",
       "      <td>-0.002520</td>\n",
       "      <td>-0.239863</td>\n",
       "    </tr>\n",
       "    <tr>\n",
       "      <th>Economy_Rate</th>\n",
       "      <td>0.294056</td>\n",
       "      <td>-0.169190</td>\n",
       "      <td>0.028303</td>\n",
       "      <td>0.064428</td>\n",
       "      <td>0.020297</td>\n",
       "      <td>-0.163495</td>\n",
       "      <td>0.063417</td>\n",
       "      <td>0.162818</td>\n",
       "      <td>0.035870</td>\n",
       "      <td>1.000000</td>\n",
       "      <td>0.075016</td>\n",
       "      <td>0.071810</td>\n",
       "      <td>-0.101706</td>\n",
       "      <td>0.057132</td>\n",
       "      <td>-0.017357</td>\n",
       "      <td>-0.019691</td>\n",
       "    </tr>\n",
       "    <tr>\n",
       "      <th>Innings</th>\n",
       "      <td>0.032152</td>\n",
       "      <td>-0.015047</td>\n",
       "      <td>0.003121</td>\n",
       "      <td>0.025564</td>\n",
       "      <td>0.017869</td>\n",
       "      <td>-0.025910</td>\n",
       "      <td>0.028560</td>\n",
       "      <td>0.053338</td>\n",
       "      <td>0.002319</td>\n",
       "      <td>0.075016</td>\n",
       "      <td>1.000000</td>\n",
       "      <td>0.043866</td>\n",
       "      <td>0.011461</td>\n",
       "      <td>0.031096</td>\n",
       "      <td>0.017343</td>\n",
       "      <td>0.008738</td>\n",
       "    </tr>\n",
       "    <tr>\n",
       "      <th>Maidens</th>\n",
       "      <td>0.008050</td>\n",
       "      <td>-0.034293</td>\n",
       "      <td>-0.013867</td>\n",
       "      <td>0.008353</td>\n",
       "      <td>0.024029</td>\n",
       "      <td>-0.006555</td>\n",
       "      <td>0.010713</td>\n",
       "      <td>0.026683</td>\n",
       "      <td>0.047219</td>\n",
       "      <td>0.071810</td>\n",
       "      <td>0.043866</td>\n",
       "      <td>1.000000</td>\n",
       "      <td>-0.006337</td>\n",
       "      <td>0.016841</td>\n",
       "      <td>0.010427</td>\n",
       "      <td>0.002186</td>\n",
       "    </tr>\n",
       "    <tr>\n",
       "      <th>Overs</th>\n",
       "      <td>-0.520084</td>\n",
       "      <td>0.041034</td>\n",
       "      <td>-0.008164</td>\n",
       "      <td>0.171196</td>\n",
       "      <td>0.357850</td>\n",
       "      <td>0.865156</td>\n",
       "      <td>0.229115</td>\n",
       "      <td>0.042384</td>\n",
       "      <td>-0.087482</td>\n",
       "      <td>-0.101706</td>\n",
       "      <td>0.011461</td>\n",
       "      <td>-0.006337</td>\n",
       "      <td>1.000000</td>\n",
       "      <td>0.255341</td>\n",
       "      <td>0.114240</td>\n",
       "      <td>0.583716</td>\n",
       "    </tr>\n",
       "    <tr>\n",
       "      <th>Runs</th>\n",
       "      <td>-0.093525</td>\n",
       "      <td>0.038787</td>\n",
       "      <td>0.071673</td>\n",
       "      <td>0.965957</td>\n",
       "      <td>0.812539</td>\n",
       "      <td>0.256078</td>\n",
       "      <td>0.976365</td>\n",
       "      <td>0.552590</td>\n",
       "      <td>-0.033838</td>\n",
       "      <td>0.057132</td>\n",
       "      <td>0.031096</td>\n",
       "      <td>0.016841</td>\n",
       "      <td>0.255341</td>\n",
       "      <td>1.000000</td>\n",
       "      <td>0.013695</td>\n",
       "      <td>0.670315</td>\n",
       "    </tr>\n",
       "    <tr>\n",
       "      <th>Wickets</th>\n",
       "      <td>-0.064188</td>\n",
       "      <td>-0.000930</td>\n",
       "      <td>0.020589</td>\n",
       "      <td>0.001937</td>\n",
       "      <td>0.032508</td>\n",
       "      <td>0.102834</td>\n",
       "      <td>0.007699</td>\n",
       "      <td>-0.026657</td>\n",
       "      <td>-0.002520</td>\n",
       "      <td>-0.017357</td>\n",
       "      <td>0.017343</td>\n",
       "      <td>0.010427</td>\n",
       "      <td>0.114240</td>\n",
       "      <td>0.013695</td>\n",
       "      <td>1.000000</td>\n",
       "      <td>0.052981</td>\n",
       "    </tr>\n",
       "    <tr>\n",
       "      <th>Ratings</th>\n",
       "      <td>-0.459838</td>\n",
       "      <td>-0.045945</td>\n",
       "      <td>0.051339</td>\n",
       "      <td>0.637904</td>\n",
       "      <td>0.686031</td>\n",
       "      <td>0.655175</td>\n",
       "      <td>0.667106</td>\n",
       "      <td>0.586431</td>\n",
       "      <td>-0.239863</td>\n",
       "      <td>-0.019691</td>\n",
       "      <td>0.008738</td>\n",
       "      <td>0.002186</td>\n",
       "      <td>0.583716</td>\n",
       "      <td>0.670315</td>\n",
       "      <td>0.052981</td>\n",
       "      <td>1.000000</td>\n",
       "    </tr>\n",
       "  </tbody>\n",
       "</table>\n",
       "</div>"
      ],
      "text/plain": [
       "                        ID       Age      100s       50s        6s     Balls  \\\n",
       "ID                1.000000  0.031279  0.013368 -0.055357 -0.200170 -0.663949   \n",
       "Age               0.031279  1.000000 -0.009230  0.038421 -0.047625  0.025115   \n",
       "100s              0.013368 -0.009230  1.000000  0.071112  0.046479 -0.006761   \n",
       "50s              -0.055357  0.038421  0.071112  1.000000  0.770988  0.183885   \n",
       "6s               -0.200170 -0.047625  0.046479  0.770988  1.000000  0.386135   \n",
       "Balls            -0.663949  0.025115 -0.006761  0.183885  0.386135  1.000000   \n",
       "Balls Faced      -0.091038  0.058514  0.072595  0.974160  0.759470  0.243668   \n",
       "Bat_Average       0.082266  0.002509  0.084305  0.564990  0.451880  0.018145   \n",
       "Bowl_Strike_rate  0.257942  0.078520  0.014359 -0.041313 -0.033809 -0.115411   \n",
       "Economy_Rate      0.294056 -0.169190  0.028303  0.064428  0.020297 -0.163495   \n",
       "Innings           0.032152 -0.015047  0.003121  0.025564  0.017869 -0.025910   \n",
       "Maidens           0.008050 -0.034293 -0.013867  0.008353  0.024029 -0.006555   \n",
       "Overs            -0.520084  0.041034 -0.008164  0.171196  0.357850  0.865156   \n",
       "Runs             -0.093525  0.038787  0.071673  0.965957  0.812539  0.256078   \n",
       "Wickets          -0.064188 -0.000930  0.020589  0.001937  0.032508  0.102834   \n",
       "Ratings          -0.459838 -0.045945  0.051339  0.637904  0.686031  0.655175   \n",
       "\n",
       "                  Balls Faced  Bat_Average  Bowl_Strike_rate  Economy_Rate  \\\n",
       "ID                  -0.091038     0.082266          0.257942      0.294056   \n",
       "Age                  0.058514     0.002509          0.078520     -0.169190   \n",
       "100s                 0.072595     0.084305          0.014359      0.028303   \n",
       "50s                  0.974160     0.564990         -0.041313      0.064428   \n",
       "6s                   0.759470     0.451880         -0.033809      0.020297   \n",
       "Balls                0.243668     0.018145         -0.115411     -0.163495   \n",
       "Balls Faced          1.000000     0.573402         -0.042450      0.063417   \n",
       "Bat_Average          0.573402     1.000000          0.032879      0.162818   \n",
       "Bowl_Strike_rate    -0.042450     0.032879          1.000000      0.035870   \n",
       "Economy_Rate         0.063417     0.162818          0.035870      1.000000   \n",
       "Innings              0.028560     0.053338          0.002319      0.075016   \n",
       "Maidens              0.010713     0.026683          0.047219      0.071810   \n",
       "Overs                0.229115     0.042384         -0.087482     -0.101706   \n",
       "Runs                 0.976365     0.552590         -0.033838      0.057132   \n",
       "Wickets              0.007699    -0.026657         -0.002520     -0.017357   \n",
       "Ratings              0.667106     0.586431         -0.239863     -0.019691   \n",
       "\n",
       "                   Innings   Maidens     Overs      Runs   Wickets   Ratings  \n",
       "ID                0.032152  0.008050 -0.520084 -0.093525 -0.064188 -0.459838  \n",
       "Age              -0.015047 -0.034293  0.041034  0.038787 -0.000930 -0.045945  \n",
       "100s              0.003121 -0.013867 -0.008164  0.071673  0.020589  0.051339  \n",
       "50s               0.025564  0.008353  0.171196  0.965957  0.001937  0.637904  \n",
       "6s                0.017869  0.024029  0.357850  0.812539  0.032508  0.686031  \n",
       "Balls            -0.025910 -0.006555  0.865156  0.256078  0.102834  0.655175  \n",
       "Balls Faced       0.028560  0.010713  0.229115  0.976365  0.007699  0.667106  \n",
       "Bat_Average       0.053338  0.026683  0.042384  0.552590 -0.026657  0.586431  \n",
       "Bowl_Strike_rate  0.002319  0.047219 -0.087482 -0.033838 -0.002520 -0.239863  \n",
       "Economy_Rate      0.075016  0.071810 -0.101706  0.057132 -0.017357 -0.019691  \n",
       "Innings           1.000000  0.043866  0.011461  0.031096  0.017343  0.008738  \n",
       "Maidens           0.043866  1.000000 -0.006337  0.016841  0.010427  0.002186  \n",
       "Overs             0.011461 -0.006337  1.000000  0.255341  0.114240  0.583716  \n",
       "Runs              0.031096  0.016841  0.255341  1.000000  0.013695  0.670315  \n",
       "Wickets           0.017343  0.010427  0.114240  0.013695  1.000000  0.052981  \n",
       "Ratings           0.008738  0.002186  0.583716  0.670315  0.052981  1.000000  "
      ]
     },
     "execution_count": 784,
     "metadata": {},
     "output_type": "execute_result"
    }
   ],
   "source": [
    "correlation"
   ]
  },
  {
   "cell_type": "markdown",
   "metadata": {},
   "source": [
    "### Correlation of all variables with rating"
   ]
  },
  {
   "cell_type": "code",
   "execution_count": 785,
   "metadata": {},
   "outputs": [],
   "source": [
    "correlation = correlation[\"Ratings\"]"
   ]
  },
  {
   "cell_type": "code",
   "execution_count": 786,
   "metadata": {},
   "outputs": [
    {
     "data": {
      "text/plain": [
       "ID                 -0.459838\n",
       "Age                -0.045945\n",
       "100s                0.051339\n",
       "50s                 0.637904\n",
       "6s                  0.686031\n",
       "Balls               0.655175\n",
       "Balls Faced         0.667106\n",
       "Bat_Average         0.586431\n",
       "Bowl_Strike_rate   -0.239863\n",
       "Economy_Rate       -0.019691\n",
       "Innings             0.008738\n",
       "Maidens             0.002186\n",
       "Overs               0.583716\n",
       "Runs                0.670315\n",
       "Wickets             0.052981\n",
       "Ratings             1.000000\n",
       "Name: Ratings, dtype: float64"
      ]
     },
     "execution_count": 786,
     "metadata": {},
     "output_type": "execute_result"
    }
   ],
   "source": [
    "correlation"
   ]
  },
  {
   "cell_type": "code",
   "execution_count": 787,
   "metadata": {},
   "outputs": [],
   "source": [
    "df.rename(columns = {\"Balls\":\"Balls bowled\", \"Overs\":\"Overs bowled\",\"Runs\":\"Runs scored\"},inplace =True)"
   ]
  },
  {
   "cell_type": "code",
   "execution_count": 788,
   "metadata": {},
   "outputs": [
    {
     "data": {
      "text/plain": [
       "<matplotlib.axes._subplots.AxesSubplot at 0x1cd14bb45c8>"
      ]
     },
     "execution_count": 788,
     "metadata": {},
     "output_type": "execute_result"
    },
    {
     "data": {
